1536874165 7126
1536876012 7250
1536876199 7273
1537216161 7276
1537219735 7280
1537306442 7361
1537306531 7378
1537913694 12198
1538168315 12299
1538172141 12311
1538604328 12359
1538635633 12406
1538666652 12458
1538667602 12406
1538668028 12489
1538668850 12489
1538673854 12534
1538674091 12535
1538676193 12540
1538687231 12570
1538687852 12569
1538688962 12570
1538707899 12732
1538709089 12733
1538750450 12755
1538963838 12877
1538974269 12950
1538974347 12950
1538979597 12962
1538980162 12962
1539057699 13339
1539058463 13329
1539208039 13395
1539279749 16152
1539704214 16389
1539706689 16391
1539710757 16395
1539714981 16152
1539716479 16395
1539746497 16434
1539746673 16434
1539752826 16510
1539756597 16579
1539813939 16731
1539824366 17211
1539832687 17575
1539833319 17578
1539833729 17578
1539840026 17810
1539842365 17813
1539877374 17879
1539888329 17951
1539888825 17957
1539889030 18069
1539890986 18078
1539894081 18103
1539895065 18121
1539897422 18124
1539898100 18124
1539901980 18121
1539911226 18147
1540339549 19334
1540341322 19334
1540689234 19584
1540689331 19584
1540690028 19584
1540691757 19586
1540692159 19589
1540754080 19607
1540754411 19607
1540760170 19743
1540761451 19765
1540762382 19776
1540772487 19778
1540773431 19785
1540773962 19850
1540778002 19852
1540877063 20039
1540929285 20149
1541016942 32335
1541372496 20262
1541374585 20239
1541401941 20353
1541556577 20355
1541604650 20355
1543956175 20355
1543956947 20619
1547827574 20617
1550871598 20619
1551038000 20619
1553367836 20619
1553539850 20618
1553540330 20619
1553540395 20618
1553542425 20554
1554340695 20554
1554341227 20554
1557887326 20554
1557931044 20554
1557931390 20558
1557931606 20558
1557932178 20560
